0.006120608225023615,0.13391196116553125,0.006452838128676942,0.004731168627961098,0.012478596381207048,0.013759496009746157,0.8188637625295089,0.0022461393486195892,0.0014354295837254206
0.20997188031602823,0.04288187555733094,0.0181516896535369,0.6291126414057945,0.024262886170154888,0.025150885663995176,0.04078807675079626,0.0047191873100632335,0.004960877172300013
0.02382308927960982,0.13050094127457643,0.013234994044252678,0.1738269217778852,0.06059437273253226,0.013908893740997814,0.5327007602846577,0.04620057920973935,0.005209447655748554
0.04617200507892056,0.12001301320143144,0.008081300888943098,0.02136940235063426,0.02154360236979626,0.016525001817750202,0.7600450836049591,0.004018500442035049,0.002232090245529927
0.12608602521720505,0.1918180383636077,0.013819502763900555,0.3277720655544132,0.0598183119636624,0.02663480532696107,0.22626504525300908,0.017052003410400685,0.01073420214684043
0.16351591824204087,0.009811375094312453,0.017900791049604476,0.7406406296796851,0.02908768545615727,0.02224998887500556,0.010286994856502571,0.0026700286649856673,0.003836588081705959
0.026102202610220258,0.1333470133347013,0.0502150050215005,0.04175170417517042,0.3342350334235033,0.02091940209194021,0.3841710384171038,0.00609063060906306,0.0031679703167970313
0.30102883142385434,0.01681239058506127,0.023057187087975228,0.5087887150783196,0.043168175825821525,0.08143535439620153,0.008760645094038746,0.008277445364630594,0.008671255144097119
0.20690003931100745,0.09659261835259747,0.00918393174494703,0.3455990656638224,0.06314281199713427,0.058378711091955096,0.21024503994655755,0.004516170858072462,0.005441611033906096
0.042906506006910844,0.21319302984702418,0.028455803983812557,0.15351202149168303,0.026402503696350516,0.08949291252900776,0.43004306020602845,0.009872971382215994,0.00612119085696672
0.07225437760114295,0.07035197819088676,0.008243827444413494,0.043208386605400155,0.02336839275579825,0.010020696893583965,0.7547047660415226,0.008291987429483899,0.009555587037768019
0.09341705329147335,0.1531439234280383,0.05942597028701485,0.14459192770403614,0.07456256271871864,0.037830381084809454,0.4250227874886062,0.006537466731266634,0.005467927266036367
0.35973416547771614,0.005441372503031352,0.010495804828070221,0.03216921479783881,0.2639971214386759,0.31249514374776616,0.008278923808304953,0.004467792055184346,0.0029204613434122184
0.01345860969019898,0.13742109894319124,0.017750612780441204,0.11617308364462024,0.039334728321004396,0.025639918460741297,0.6439714636594539,0.003534162544597033,0.0027163219557518087
0.05485325940858804,0.28676378779479705,0.011934491168476537,0.1955948552598071,0.04877416390711871,0.06972634840250218,0.3204287628827155,0.00781510421682288,0.0041092269591720505
0.011806392916164251,0.16479290112425934,0.006763485941908435,0.052903368257979054,0.026033084380149375,0.017351489589106248,0.7107675735394559,0.005704216577470054,0.0038774876735073963
0.05993350359601022,0.030299801817988112,0.010933800656028041,0.7698990461939428,0.014934500896070055,0.021324701279482078,0.0787873047272383,0.0033250401995024124,0.01056230063373804
0.015329493408317832,0.14410293803573665,0.01017019562681588,0.04035968264533646,0.22978290119335246,0.020381191236087767,0.5311067716240881,0.005219007755826665,0.003547818474438056
0.07562654310712957,0.12239006976233976,0.007155314078529025,0.14655808353810762,0.023284013271887564,0.02601161482662045,0.5861513341062604,0.009115455195809462,0.0037075721133161045
0.015084098642431123,0.03140549717350526,0.6263439436290451,0.03202839711744426,0.016595498506405137,0.011764298941213096,0.25798697678117216,0.005060579544547842,0.0037307096642361305
0.3935618858670531,0.03716798922128312,0.03305739041335678,0.2927179151118046,0.11196996752870941,0.10655796909818896,0.011929196540533002,0.004014458835806938,0.00902322738326406
0.005257997633901065,0.11014195043612232,0.013782393797922792,0.01426819357931289,0.007664066551170053,0.02522618864821511,0.819760631107716,0.0023377289480219737,0.001560849297617816
0.1057060200841438,0.004534480861551363,0.00888712168855312,0.8558861626183709,0.006986251327387752,0.008625061638761712,0.0038431507301986386,0.003156920599814914,0.002374830451217786
0.07171175808652405,0.31464825486508646,0.007684076224101742,0.09414187625491977,0.038258030989005105,0.03859443126148933,0.40854733092333806,0.01726921398806333,0.0091450274074722
0.01917730441078002,0.3967200912456211,0.007650361759583206,0.06857631577255265,0.021574704962182143,0.039342909048869085,0.433872099790583,0.008132411870454732,0.004953801139374263
0.1781389893116606,0.007821179530729227,0.008709779477413231,0.7519599548824026,0.007631439542113627,0.02494269850343809,0.008092199514468029,0.005380479677171219,0.0073232795606032255
0.048776738533623444,0.23706618728228798,0.008826096972616609,0.1706511348143965,0.010151508019691337,0.05039433981152846,0.45648336062185496,0.014336911326159949,0.0033137226178408686
0.004731968485770084,0.32477389607235324,0.008019187433860021,0.012756995917761305,0.005746948160976588,0.009736446884336997,0.6287907987869443,0.0038614487643363954,0.001582309493660962
0.25772294845541033,0.08790008241998352,0.01598319680336064,0.2787359442528112,0.061887887622422484,0.030453893909221222,0.2344319531136094,0.017041496591700685,0.015842596831480635
0.02032899939013002,0.18943599431692015,0.005958389821248305,0.14185799574426014,0.029097499127075023,0.03445419896637403,0.5657479830275605,0.007203499783895006,0.005915439822536805
0.008290617512814746,0.38228088531573434,0.010363096891070931,0.017338494798451558,0.005387118383864483,0.01812749456175163,0.5524128342761496,0.003727018881894335,0.002072439378268186
0.06570016912092053,0.059212972169903094,0.015864092543876506,0.06396106993829714,0.029329586215094485,0.04240588006923638,0.7045326688696457,0.012582794086086781,0.006410766986939517
0.015569492526643587,0.19810390491012564,0.005997357121268582,0.021512989673764957,0.00902504566797808,0.012428694034226865,0.7318066487328087,0.003826618163223282,0.0017292491699603986
0.5442829238003906,0.04148439419218481,0.00870529878125817,0.1478989792941429,0.05809449186677114,0.025871996377920505,0.15730497797730308,0.0073988489641611446,0.008958088745867576
0.029360109688836202,0.23703307822091582,0.0052293917256992705,0.01881120620769805,0.04442451466008984,0.019689306497471148,0.6315092083980388,0.011095203661417209,0.0028479809398337104
0.2737249671530039,0.0139961983204562,0.017180897938292243,0.6271669247399689,0.010722298713324153,0.019933997607920285,0.025633396923992365,0.004722779433266468,0.0069185391697752984
0.030097687358971312,0.28469388042857025,0.016963892875164994,0.15549993469002746,0.01994399162352352,0.031140686920911497,0.4388238156939974,0.013916894154904456,0.008919216253929175
0.04293331030399447,0.01934940464385711,0.010310402474496593,0.87030320887277,0.019008404562017096,0.024272105825305396,0.007791411869938848,0.004126000990240237,0.0019057504573801094
0.01319399736120053,0.34335393132921377,0.00847300830539834,0.01548779690244062,0.06050928789814243,0.07913768417246318,0.4694479061104188,0.007572408485518304,0.002823979435204113
0.18509898149010184,0.14784298521570147,0.01717359828264017,0.40589695941030407,0.07016259298374071,0.03104739689526031,0.07113059288694071,0.05833439416656058,0.013312498668750132
0.007293195988742208,0.2851178431851863,0.007560675841628289,0.020199388890336116,0.024087186752047293,0.018541289802290615,0.6320296523836914,0.0029814083602254025,0.0021893587958526626
0.21338995305421032,0.04862438930263435,0.02231129509151508,0.21848695193287057,0.02245519505985709,0.06127768651890896,0.39829191237577927,0.009613887884944666,0.005548728779279669
0.2547740382161057,0.059989808998471346,0.0356215053432258,0.5134840770226116,0.02854950428242564,0.04037170605575591,0.046940807041121045,0.011735501760325262,0.00853305127995769
0.03020870996887429,0.07981982634054269,0.006112782017218065,0.6773692235318438,0.006746992226507435,0.023459307741571553,0.16671305501530814,0.00559804184735381,0.003972061310780233
0.06568809014678648,0.21102396834640474,0.006951438957284156,0.06435949034607645,0.05379989193001621,0.07843778823433177,0.43618993457150984,0.07420618886907167,0.009343208598518709
0.01419470326478175,0.20192804644345067,0.00738705169902189,0.043811810076716314,0.03812220876810802,0.02759850634765646,0.6555651507799846,0.007933161824627218,0.0034593607956529826
0.23902695458487863,0.04062689228089047,0.01602789695469958,0.5417698970637196,0.013626197411022492,0.020317396139694733,0.11869797744738429,0.00303743942288651,0.006869348694823748
0.17730776949989965,0.014404981273524346,0.013383582601342621,0.589272233946096,0.10812285944028274,0.04470494188357556,0.022494270757448018,0.02316476988579915,0.007144590712032075
0.4250029404995883,0.0970342864151999,0.006506779089050927,0.24844696521742485,0.13077198169192256,0.04147079419408881,0.03671439485998472,0.007882738896416554,0.0061691191363233205
0.015520506052997362,0.2344980914542557,0.01196980466822382,0.021364008331963252,0.06268192444595054,0.032975212860333024,0.6117712385907831,0.00545802212862863,0.0037611914668646725
0.2637948417230949,0.007589015446590732,0.0086199548280271,0.6497226101664338,0.02453838527696883,0.022442686534388075,0.01783658929804642,0.003287868027279183,0.00216804869917078
0.12760197320358563,0.13231597221364585,0.01107739767374649,0.11151897658101494,0.033804092901140496,0.09388898028331416,0.4431169069454496,0.037401692145644656,0.00927400805245831
0.036853411424557544,0.16677805170119603,0.007802762418856349,0.08446902618539812,0.07139412213217786,0.24088707467499315,0.36987711466190554,0.013961904328190342,0.007976532472725067
0.03571958142581766,0.14105892664935815,0.00598636688708922,0.04166627833353527,0.03559608149003762,0.031371383686880486,0.691795640266267,0.013259193105219587,0.003546548155794959
0.2073427719229509,0.08028031169165714,0.021889575921466484,0.16701381628480208,0.03075116617371721,0.050866444046911555,0.4323005244694231,0.0067033326263341115,0.002852056862737451
0.1079480313049291,0.004912931424750114,0.006619981919794757,0.8597712493336623,0.004140441200727948,0.006304091828186631,0.006158901786081519,0.002444370708867506,0.001700000493000143
0.13487696762952775,0.04802478847405076,0.010358797513888596,0.6652758403337983,0.02472709406549742,0.03230549224668186,0.06727758385337987,0.006997638320566803,0.010155797562608584
0.01721582134761847,0.09829202188210714,0.011443014189337596,0.0057464571256068365,0.11995114873942446,0.26322932640436475,0.47730459185769397,0.004425595487738405,0.002392022966108478
0.2586730543213414,0.04205440883142585,0.009159231923438706,0.23322104897642032,0.14785603104976652,0.032449306814354435,0.2643980555235917,0.005449051144300741,0.006739811415360397
0.036332312716309455,0.12180504263176493,0.00962971337039968,0.6922252422788349,0.029583710354298628,0.018869306604257313,0.08304702906646018,0.004944891730712107,0.0035627512469629365
0.01626099707302053,0.16307897064578533,0.008472208475002477,0.032219894200419055,0.16619197008544542,0.02249709595052273,0.583474894974519,0.005091929083452766,0.0027120395118328884
0.16525094711969696,0.01013879675558504,0.06590167891146276,0.5420158265549356,0.08975127127959322,0.0868194722177689,0.016725894647713714,0.007048917744346323,0.016347194768897677
0.3632775640669231,0.10425587489295013,0.015775181069782717,0.10266087680694783,0.12443985067217918,0.2011977585626897,0.06024862770164676,0.01484738218314138,0.013296884043739148
0.08386736373919645,0.285567217031085,0.023484917848537568,0.1637181244257746,0.0695617528669322,0.03973443019816696,0.3136642383848212,0.009637147324231968,0.010764808181254219
0.046861090159171066,0.013141397240306578,0.006285118680125077,0.9050968099296699,0.007142458500083714,0.009638347975946924,0.007892998342470349,0.0022366895302951984,0.0017050896419311752
0.16671914004407765,0.1702261429899601,0.01618351359415142,0.35392429729640973,0.03671983084465791,0.053618345039409834,0.17893615030636628,0.009349167853300998,0.014323412031666106
0.056366577453369024,0.25693289722684115,0.011333295466681813,0.1162569534972186,0.03271428691428523,0.054033978386408645,0.44713482114607156,0.01325729469708212,0.011969895212041915
0.04673858691319567,0.19542794528017535,0.009449657354095942,0.059904283226800706,0.04596478712985961,0.027441392316410157,0.6064218302018877,0.004815698651604378,0.0038358189259707015
0.04498465636488334,0.1698018352922198,0.009332470947503183,0.262480745393677,0.02755507327157893,0.017714182817242668,0.4554855581790086,0.005644084525238012,0.007001393208648588
0.13378700267574006,0.007917840158356804,0.008588260171765205,0.7231400144628004,0.09459690189193805,0.014446200288924007,0.012522200250444007,0.002177880043557601,0.0028237000564740014
0.006039939939600599,0.0032009799679901998,0.004322899956771,0.9678809903211899,0.0032296799677031997,0.007051929929480699,0.004923529950764699,0.0021009299789906998,0.0012491199875088
0.06677156861736275,0.13818593505261054,0.008124366181547896,0.12260194237708708,0.011849294430831617,0.020477190375720523,0.6025177168166731,0.024775088355708474,0.004696897792458038
0.5184379844468604,0.005009049849728504,0.008637619740871409,0.04629149861125504,0.19529499414115017,0.20935899371923017,0.005969489820915305,0.007225069783247906,0.0037752998867410033
0.04111689753298614,0.11063599336184039,0.013140799211552045,0.07656919540584828,0.02000189879988607,0.055215296687082194,0.6698209598107424,0.009270779443753232,0.004228179746309214
0.054573065618968665,0.11407592813216529,0.007596385214277315,0.08512404637185078,0.03974347496161078,0.04542417138277203,0.6336246008165015,0.009993543704067468,0.009844783797786208
0.01216721070714542,0.14235112526899021,0.006149905411916762,0.007498946599073006,0.05522324859645876,0.011261009909688719,0.7596926685295482,0.0038002033441789426,0.0018556816329998367
0.19036308185612516,0.11000704730303032,0.01693220728084913,0.47873320585527845,0.038020716348908024,0.03242571394305699,0.1196450514473721,0.006676782871016634,0.00719619309436303
0.010527301158003127,0.2755180303069833,0.011222201234442135,0.015424201696662187,0.026799302947923327,0.01905180209569823,0.6328220696104276,0.005949970654496772,0.0026851202953632326
0.06860812264068049,0.1220290402695833,0.014386004747381567,0.07056202328546769,0.08938962949857775,0.019010806273566074,0.6061352000246161,0.006036291991976358,0.0038428812681508186
0.1052819768379651,0.06176758641113099,0.012330397287312597,0.3246609285745957,0.03544319220249772,0.050414588908790435,0.39007191418417886,0.008560818116620015,0.011468597476908557
0.06464440969666146,0.008760701314105196,0.016671802500770376,0.8528431279264692,0.011724801758720264,0.029846704477005673,0.008355351253302687,0.0036225105433765814,0.0035305905295885793
0.033327711997976316,0.07501902700684972,0.01892420681271445,0.5340921922731892,0.011945504300381547,0.0169811061131982,0.29981010793163887,0.003561201282032461,0.0063389422820192215
0.10475694447881945,0.01099599417212309,0.02217938824492423,0.7696275920973763,0.0366587805708463,0.04506757611418467,0.005499557085234745,0.003055408380633559,0.0021587588558578067
0.3791761516704607,0.13021805208722084,0.018202907281162913,0.22647609059043625,0.05410852164340865,0.05045612018244807,0.11813604725441891,0.012330004932001974,0.010896104358441744
0.02869841377523861,0.11325005436002608,0.008312553990025914,0.056092126924220914,0.028085913481238466,0.02531511215125383,0.7158603436129649,0.019644209429220523,0.0047412722758106915
0.052497184775816406,0.3612668952326003,0.00896548740000865,0.06048708245874607,0.018440494652256546,0.0441598871936327,0.43026987522173604,0.01776709484754249,0.006145998217660516
0.13409993160903488,0.025275787109348576,0.013859692931556606,0.7490126180035649,0.014584192562061794,0.040284379454966476,0.00983662498332126,0.004419957745821549,0.008626815600324043
0.123946054536264,0.20612509069503993,0.009159714030274173,0.11129904897158155,0.06642712922793687,0.04789022107169728,0.3877281706003951,0.04120071812831598,0.006223852738495206
0.01909189579978292,0.1550199658956075,0.01363649699997066,0.00992803781583168,0.013681396990092663,0.03326249268225161,0.7451078360762761,0.007355338381825556,0.002916539358361341
0.012472803118200778,0.03436280859070215,0.004085471021367755,0.02481170620292655,0.02156900539225135,0.009651182412795604,0.022300105575026395,0.0990977247744312,0.7716491929122983
0.047558313316327726,0.0050961114269111995,0.0051134014317524,0.9040172531248308,0.005552491554697636,0.02142760599972968,0.006112711711559279,0.0031468508811182466,0.0019752605530729546
0.07199677840096647,0.23650592904822124,0.009758997072300877,0.12595496221351132,0.028798591360422586,0.016310295106911465,0.46652486004254196,0.03311329006601297,0.011036296689110991
0.013449707397339068,0.17881409834775408,0.011598206379013506,0.05765413170977243,0.04390842414963328,0.031545017349759535,0.6530733591903475,0.005354172944795119,0.004602882531585392
0.0021877396215210453,0.13964397584159216,0.00534828907474599,0.0022637196083765076,0.0031274094589581634,0.006453298883579293,0.837890855044882,0.0021333996309218636,9.513128354228794E-4
0.17084589920091947,0.021391687378904446,0.0611703639094853,0.5674226652206276,0.011508193210166006,0.05020067038160448,0.10664893707712712,0.003835627736979635,0.006975955884186028
0.3177349682265032,0.042974795702520434,0.018276098172390186,0.24040797595920246,0.18860298113970192,0.11020598897940112,0.05477109452289056,0.015245698475430154,0.011780398821960119
0.028321786971977993,0.1115779486741436,0.007339556623803953,0.018380191545111887,0.025870488099575473,0.04674667849652789,0.539135751997554,0.03625668332192567,0.18637091426937943
0.1475060368765092,0.1822630455657614,0.01026890256722564,0.10357802589450647,0.024701106175276544,0.05780711445177861,0.4506671126667781,0.01730600432650108,0.0059026514756628685
0.16219488808552726,0.006105615787125108,0.0066055254421874465,0.770443468394007,0.012330391492029873,0.023565183740023227,0.011355392164779408,0.00214159852229702,0.005257936372023904
0.34655709357041525,0.036657509897527675,0.029164007874282125,0.4733311277994045,0.027064807307497975,0.027214007347781982,0.04828171303606252,0.006485691751136773,0.005244041415891182
0.1751899089012474,0.05111967341776982,0.015676091848432237,0.27382685761003406,0.05818786974230774,0.39092079672118574,0.013211493130023573,0.008040715818827773,0.013826592810171739
0.0603941060394106,0.13552301355230134,0.011654401165440116,0.46897004689700467,0.028004202800420278,0.047587104758710475,0.20576602057660204,0.023551402355140236,0.018549701854970183
0.013422400671120032,0.18226600911330046,0.00839694041984702,0.014604700730235036,0.011553600577680028,0.07353590367679518,0.6868660343433016,0.005105510255275512,0.00424890021244501
0.03746810487085363,0.12162201581086204,0.00773923100610003,0.01952720253853633,0.07843631019672033,0.02079710270362335,0.7081660920615919,0.003928510510706366,0.0023154303010059388
0.24834497268205308,0.04435719512070855,0.0161259982261402,0.5686759374456469,0.013965298463817171,0.037788095843309465,0.05355379410908266,0.009334328973223815,0.007854379136018295
0.02618791021328498,0.3602351404917048,0.01342300523497204,0.02027460790709708,0.02293080894301549,0.06889122686757848,0.4808071875148031,0.004744441850332321,0.002505670977211681
0.18351290824354588,0.21838189080905457,0.01151889424055288,0.2528898735550632,0.02413238793380603,0.05370917314541342,0.20981589509205245,0.030251984874007563,0.015786992106503944
0.2814019324635362,0.00920540779070213,0.011911797141168684,0.5281778732373104,0.05799488608122734,0.05499608680093916,0.009146187804914926,0.007911338101278854,0.03925449057892225
0.027068793774177435,0.08632778014461057,0.025503194134265352,0.14039496770915744,0.04932738865470061,0.03274709246816874,0.6292768552663233,0.005785438669349107,0.003568489179247489
0.11308891857597864,0.1043279248838941,0.0476295657067127,0.49629164267001735,0.04000287119793274,0.03686027346060311,0.1315139053099882,0.023685482946452285,0.0065994152484210224
0.26815416089249655,0.015296109177665506,0.015675109405065644,0.47540528524317116,0.08068014840808906,0.014232708539625123,0.12488307492984495,0.0031817319090391453,0.002491671495002897
0.004514395350172789,0.25198474045571734,0.004054405823962001,0.00514696469862636,0.00524070460207426,0.08969950760950716,0.6344963464687632,0.002776027140692045,0.002086907850484914
0.13704314526573397,0.23696425118210626,0.010498411128315796,0.38175740466284896,0.0663912703747466,0.023900325334344854,0.13000213780226608,0.004860615152252061,0.008582439097385444
0.003702469529786369,0.018638597632898102,0.0074044590596336985,0.005137139347583302,0.0035657895471447273,0.00621875921021758,0.9532068789427264,0.001172159851135699,9.537468788741463E-4
0.04844655155344845,0.22872377127622875,0.011421388578611422,0.19802380197619804,0.044196955803044204,0.03502896497103503,0.4174825825174175,0.010860689139310861,0.005815294184705815
0.32112878163242853,0.012579591445877818,0.019140086984740852,0.5434846304304514,0.056959761267362345,0.024825483118671485,0.007763904720544791,0.006683215455413491,0.007434544944509439
0.14786713308041977,0.07524136771723094,0.015782214203992784,0.38194934375440937,0.049578644620780155,0.12138610924749832,0.03694563325106993,0.012095410885869797,0.1591541432387289
0.30967707122572635,0.014800303404069782,0.01401070322246174,0.5402581242593686,0.05507621266752891,0.02290050526711621,0.012579802893354666,0.00965047221960861,0.021046804840765113
0.3338918664432534,0.018767692492923,0.012676394929442029,0.09017856392857443,0.5040227983908806,0.02385959045616382,0.00925400629839748,0.004418588232564707,0.002930498827800469
0.0020563309788135457,0.9396014472502888,0.0023293311087616074,0.001585640754764999,0.0013409106382734637,0.002256471074080231,0.04873062319577663,0.001245040592639322,8.542044066012975E-4
0.12839207831916777,0.07519984587190597,0.031840719422838844,0.6481053953442911,0.04347882652208417,0.051030431128562974,0.009968796080965608,0.004256862596686183,0.007727044713497274
0.17280491705363982,0.003675878235578447,0.00633450695943666,0.02529618785782983,0.7488766405392125,0.035862782785864265,0.0032647284329303523,0.0019988890405332606,0.0018854690949748345
0.09526925236537381,0.07232126383936809,0.010784894607552695,0.29620685189657403,0.047216476391761804,0.046466776766611616,0.41462879268560365,0.005579197210401394,0.011526494236752881
0.04813051395784905,0.29712908616743494,0.011976303473128008,0.025007007252032105,0.023369306777098964,0.026236007608442205,0.559233162177617,0.004970381441410618,0.003948231144987032
0.2101030399195776,0.03213620610587916,0.022298704236753807,0.6540681242729436,0.016812603194394607,0.026300204997038952,0.02817760535374502,0.005428281031373396,0.004675230888293869
0.22511008554183254,0.01231500467970178,0.04491511706774449,0.2746321043601997,0.06924892631459201,0.3466821317392101,0.008843683360599678,0.006059742302702076,0.012193204633417762
0.07580920000000001,0.2972040000000001,0.012606200000000001,0.20772600000000002,0.027232300000000004,0.010300500000000002,0.35874300000000003,0.0065639900000000004,0.0038148100000000005
0.3026249122387754,0.20531394045895726,0.01737769496046846,0.08382867568968405,0.10417696978867877,0.061163682262532146,0.1917219444006361,0.027019192164434273,0.006772988035833469
0.12304192248358882,0.03801367605138408,0.008941334366959349,0.5979976232614973,0.025143784159415976,0.03714487659872774,0.1595448994867133,0.005380846610066635,0.004791036981646701
0.610404061040406,0.08635260863526086,0.015779301577930158,0.11603801160380116,0.05778930577893058,0.03364180336418034,0.06515650651565065,0.010572501057250105,0.004265900426590043
0.019000504370116005,0.19548504496156036,0.0076392517570279045,0.06763801555674359,0.03856780887059604,0.02926480673090555,0.6283851445285833,0.010904402508012577,0.003115020716454765
0.09302496837151074,0.2788069052056522,0.013193295514279522,0.27431590673259165,0.01655759437041791,0.09944826618758948,0.19984393205306306,0.016847694271783946,0.00796143729311132
0.04907864171684546,0.2210491878918097,0.00798688678885377,0.10112908595972306,0.01857551578918842,0.038975233128948156,0.5193994414895253,0.036731231221546534,0.007074776013559611
0.14838610238641065,0.006325514364604912,0.006931474782717601,0.7803925384708515,0.007094094894925478,0.03908762697046261,0.007810915389531619,0.0021671914953621317,0.0018045412451334593
0.07728813507796653,0.05043645763337559,0.00841980292736554,0.6912224193731678,0.02744127694932736,0.027603376813163476,0.10383691277699326,0.007603953612678965,0.006147664835961538
0.3239312591450073,0.032382925906340725,0.008458506766805414,0.27355021884017505,0.02704812163849731,0.03477052781642225,0.03940933152746522,0.020777916622333293,0.23967119173695337
0.03247509610298847,0.1593539808775223,0.007785449065746112,0.008707378955114527,0.04731989432161268,0.024675697038916356,0.7092989148841302,0.007550659093920909,0.002832929660048441
0.8656232077495698,0.004746731139215473,0.004258651022076245,0.08698532087647701,0.02277130546511331,0.009180772203385328,0.0031289307509433798,0.0015375403690096885,0.0017675404242097016
0.34991399650085997,0.045456399545435996,0.007821429921785701,0.46911999530879994,0.04773949952260499,0.013550899864490998,0.058827599411723996,0.0046471299535287,0.0029230499707695
0.08415255455762052,0.04450287596844697,0.0077219758301330516,0.4744897437755384,0.08408485459417851,0.015108891841198405,0.27926384919752145,0.0072039961098421005,0.0034712581255206118
0.24854615906954178,0.08386495367357034,0.02085531334740054,0.5166363306472516,0.017685511318727243,0.03344632140564569,0.0647394414332425,0.005566713562696679,0.008659255541923545
0.07155121287921831,0.3061200551016099,0.014252602565468462,0.01611170290010652,0.04165810749845935,0.025093004516740812,0.5168320930297766,0.005598211007677981,0.00278301050094189
0.0027647106358834462,0.8611531980652355,0.004466191027223936,0.002521000579830133,0.0039162209007308066,0.009712752233933012,0.11228302582509593,0.0020350504680616078,0.0011478502640055606
0.3161338640624385,0.015973493131397953,0.01455639374075069,0.5253057741185172,0.024155589613096464,0.02455688944053754,0.06799237076328056,0.0033479085603993187,0.007977716569581876
0.5684550625300568,0.029705803267638355,0.012995501429505157,0.28008203080902333,0.026473602912096317,0.028957703185347346,0.047312805204408566,0.0031073303418063373,0.0029101603201176353
0.06338369556314132,0.20929198534956103,0.01236839913421206,0.11458399197912056,0.07712389460132738,0.05505409614621327,0.4506289684559722,0.013385499063015066,0.004179469707437121
0.24889702488970247,0.04508240450824045,0.01623040162304016,0.06167980616798061,0.10770201077020108,0.4805360480536048,0.017602401760240177,0.010349301034930104,0.011920601192060119
0.4772737422721791,0.01861768994644743,0.01155779375879137,0.29476684082590593,0.11537293769861363,0.061483166799089925,0.012456893273277632,0.005198517192800715,0.003272418232894154
0.2814762561433931,0.1588981445973116,0.008713797929556117,0.23134121052050158,0.06138705586222083,0.05005894555364046,0.1650761502192967,0.011456510425424487,0.031591928748655164
0.008252209504867429,0.5825039650497621,0.014021499158710048,0.0072172495669650255,0.04723939716563617,0.030397598176144108,0.30374698177518106,0.0038228697706278133,0.00279822983210621
0.15051203010240602,0.11955602391120478,0.019113703822740767,0.15704603140920628,0.03610400722080144,0.04911630982326197,0.43665208733041744,0.01800250360050072,0.013897302779460555
0.024915010962604827,0.19202108448927718,0.00769073338392269,0.012361605439106395,0.026635011719405157,0.03502951541298678,0.6911073040872139,0.007613703350029475,0.002626031155453709
0.025229210091684037,0.21541708616683447,0.005265002106000842,0.012357204942881977,0.015226406090562436,0.04026431610572644,0.674842269936908,0.006365062546025018,0.005033442013376806
0.13880491949314674,0.0585294660529097,0.018157389468714112,0.4744257248330797,0.05196356986112949,0.05132027023424327,0.18735089133648306,0.006413676280067758,0.013034092440226387
0.40773189398970755,0.14748096165494998,0.011043397128716747,0.13236996558380895,0.07185988131643087,0.04846908739803728,0.16767395640477134,0.007585918027661313,0.005784938495915991
0.605499157429781,0.025445406615805723,0.0088624323042324,0.2249260584807752,0.044248211504535,0.04096731065150077,0.02862990744377594,0.01258700327262085,0.008834512296973199
0.016778091275392537,0.19341989942165233,0.011974393773315238,0.051711073110241985,0.023768687640282428,0.02248308830879408,0.6702266514821413,0.005425567178705067,0.004212547809475139
0.009589342301442151,0.19353604644865116,0.011026202646288634,0.0313045075130818,0.013220703172968761,0.029353907044937688,0.7056401693536407,0.004306301033512248,0.0020228204854769163
0.02831158188058759,0.16056089724102576,0.006866985605129212,0.019737787367816083,0.006980635532393259,0.019150887743431842,0.7488455207388667,0.004443467156181019,0.00510223673456849
0.9053223530757176,0.004328961688295058,0.0049134519162462465,0.04201771638690939,0.009236903602392404,0.02836901106391431,0.0028888711266597394,0.001539490600401334,0.0013832405394638104
0.014670007335003668,0.5453962726981363,0.014130407065203531,0.007713393856696928,0.012136906068453034,0.040211220105610054,0.34500917250458624,0.013715006857503428,0.0070176135088067535
0.04571800640052089,0.011521701613038223,0.008553091197432765,0.8673611214305569,0.012907001806980251,0.009838771377427991,0.03565160499122469,0.006451120903156925,0.0019975802796612387
0.09371035435200552,0.38701422446825023,0.013453107802802526,0.07530034367419933,0.024849914412950362,0.12587607300812234,0.2250941305545957,0.048082527887866176,0.006619323839207826
0.03378719831064009,0.12365999381700032,0.005724509713774515,0.03197629840118508,0.011030899448455029,0.01150629942468503,0.768833961558302,0.009150739542463022,0.0043300997834950115
0.06622050529764043,0.017700201416016113,0.005077400406192033,0.8169240653539253,0.024179401934352158,0.020825601666048136,0.04455670356453629,0.0026752502140200175,0.001840870147269612
0.024227077953359065,0.24535277672897315,0.012235088866069133,0.03149127134294308,0.059170246155075996,0.13205487983005937,0.4761425667102643,0.010891590088653019,0.008434502324602884
0.24525098037992157,0.1245049900396008,0.01860819851134412,0.24096098072312155,0.18985998481120123,0.05449279564057635,0.10686699145064069,0.008418379326529654,0.01103669911706407
0.009945854376175924,0.17044307499495298,0.0134394059133386,0.010151204466529964,0.5060302226532979,0.03282141444142235,0.2524171110635288,0.002839511249384949,0.00191220084136837
0.2472839282876608,0.08659827488650028,0.037424389146927146,0.4098148811536844,0.15259995574601284,0.034347090039343886,0.020679094003062736,0.006691488059468462,0.004560898677339383
0.018165298728429088,0.26870298119079133,0.017667798763254087,0.02260299841779011,0.11063999225520055,0.013111099082223064,0.5410399621272026,0.00394902972356792,0.0041208397115412194
0.10459992468805422,0.14001089919215257,0.015101489126927829,0.08460033908775585,0.0625209549849124,0.07769734405791227,0.48730064914353255,0.018185986906089427,0.009982412812662775
0.040124212839748104,0.635366203317185,0.009309142978925752,0.007917262533524011,0.0801807256578322,0.028489909116770913,0.1877660600851392,0.007604252433360778,0.003242231037513932
0.05499547800180881,0.16622393351042664,0.010365595853761662,0.020328491868603256,0.02739408904236439,0.030900487639804953,0.680409727836109,0.006899817240073105,0.0024823790070483977
0.49511013367973616,0.05566511502958107,0.010211902757213745,0.1709810461648825,0.16006904321864168,0.022370906040144634,0.04640631252970439,0.030441608219234223,0.00874393236086174
0.32581815639271505,0.02501141200547776,0.015830707598739648,0.46984122552378826,0.021155810154788873,0.04765982287671498,0.07743123716699385,0.013788406618435176,0.0034632216623463976
0.023217089087968133,0.10282895167039274,0.015144392882135349,0.025576287979144654,0.08072666205846885,0.020990990134234642,0.7199576616198992,0.009294625631525956,0.0022633389362307003
0.0816835228713864,0.20022405606273572,0.008437462362489462,0.12963503629781015,0.03141560879637046,0.037023510366582905,0.48149913481975776,0.021334705973717675,0.008746962449149485
0.04596838620948414,0.1942219417334175,0.01055119683464095,0.2029959391012183,0.02064369380689186,0.030239290928212724,0.42062787381163785,0.010142296957310913,0.06460938061718581
0.015389805386431886,0.09985603494961223,0.0066028023109808084,0.027658909680618387,0.0318484111469439,0.033182311613809065,0.7781332723466453,0.003127381094583383,0.004201071470375015
0.10239800102398,0.25300800253008005,0.008707490087074901,0.11882900118829001,0.03156500031565,0.073437900734379,0.38636900386369005,0.009531900095319,0.016153700161537
0.013164092628108127,0.242520864188316,0.008867495034202779,0.011500293559835605,0.04215257639455721,0.028765083891553016,0.6416136406963612,0.008279145363678596,0.003136808243387383
0.021673412787313544,0.1430780844160698,0.01109230654446086,0.06213933666220863,0.04587582706673797,0.021337512589132426,0.6858404046458387,0.005351233157227563,0.003611882131010457
0.058845767046370456,0.3108778259084175,0.012573092959067944,0.022775487245727144,0.025141185920935886,0.11534193540851619,0.43789275478005735,0.009285904799893312,0.007266045931014279
0.21582119639728875,0.25964123627352503,0.019877018088086458,0.30099027390114924,0.039410735863769635,0.06469725887450557,0.07429196760569051,0.00848869772471493,0.0167816152712699
0.18017707207082884,0.1905570762228305,0.03343161337264535,0.39163215665286266,0.08964253585701434,0.056968622787449116,0.03290451316180527,0.015010306004122403,0.009676103870441549
0.008845536368786185,0.3199782303843258,0.005436623914369217,0.014097110149919306,0.02050981476706663,0.014194010219687357,0.6116934404192771,0.002704931947551002,0.0025403018290173166
0.32111591008754514,0.14454895952629132,0.017172495191701345,0.3081839137085042,0.05499988460003231,0.04129318843790724,0.034832090247014724,0.006905878066354141,0.07094768013464955
0.045271214939500926,0.1505640496861364,0.0070088723129278635,0.05122421690399157,0.052318117264978696,0.04925041625263736,0.633610209091369,0.007510642478512018,0.003242261069946153
0.22299906466972874,0.1866170541189457,0.0393274114049493,0.13292603854855115,0.015506904497002302,0.05010781453126621,0.32957409557648765,0.007988512316668571,0.014953104336400257
0.03547390177369509,0.10159700507985027,0.009222660461133025,0.07633960381698018,0.01680240084012004,0.04817160240858012,0.7050450352522518,0.0048875802443790126,0.0024602101230105063
0.5195162337823052,0.07662123447955552,0.010334704650617093,0.14444506500027923,0.04993902247256011,0.01674350753457839,0.17376107819248518,0.004228861902987856,0.004410291984631392
0.026395085482702987,0.257902858153428,0.008175755503334475,0.03024298336635915,0.010354394305083132,0.02151688816571151,0.637726649250343,0.005769936826534746,0.0019154489465030794
0.051701138258842316,0.184445136489401,0.021809116138745945,0.32475024031517785,0.02087091544447743,0.03032882244332861,0.3567162639700353,0.0059869844303684795,0.003391382509623057
0.04666480233324012,0.2734970136748507,0.017463800873190046,0.1439530071976504,0.012960200648010034,0.0390828019541401,0.4386060219303011,0.02048170102408505,0.00729065036453252
0.18371395407151148,0.023435094141226465,0.018933695266576185,0.44284688928827765,0.027961693009576745,0.09257367685658077,0.18597295350676163,0.008559847860038036,0.016002195999451
0.5029550553250561,0.028170703098777342,0.018776602065426227,0.14456301590193174,0.2606300286693031,0.02377790261556929,0.013537801489158162,0.004282610471087152,0.00330628036369084
0.07562230831845392,0.0419053046095835,0.009970891096798018,0.5765700634227069,0.04103520451387249,0.050726205579882604,0.08643700950807104,0.1076970118466713,0.01003600110396012
0.2872032211464803,0.05045973885399892,0.012755009821357563,0.11023708488255536,0.036344827985517546,0.452015348051818,0.03218352478131408,0.011120108562483594,0.007681135914474654
0.10399905719948144,0.2736451505048328,0.014301407865774326,0.13940107667059215,0.14163707790039284,0.16851409268275094,0.12828007055403878,0.020261511143831127,0.009960555478305513
0.07492472097892189,0.01842450515886145,0.01757220492021738,0.7745852168838608,0.06169701727516485,0.035423409918554784,0.007050991974277754,0.005492931538020831,0.004829001352120379
0.1609009098954904,0.16025491025725025,0.011674093462507659,0.4351257563295764,0.043797575473357726,0.03177578220556196,0.1387189223174035,0.011414493607883576,0.006337556450968386
0.0723805934857466,0.046614895804659384,0.005017539548421441,0.16630098503291138,0.015020098648191123,0.00958377913745988,0.6728769394410755,0.00859810922617017,0.00360705967536463
0.03149499937010001,0.3077459938450801,0.011196899776062003,0.03404449931911001,0.033737399325252014,0.027423399451532007,0.5419309891613802,0.005990639880187202,0.006435179871296402
0.5826368776462556,0.10622697769233468,0.010577997778620467,0.10290197839058453,0.07892328342611048,0.02200679537857297,0.08588878196335578,0.007323478462069523,0.0035138292620958546
0.006842026373726021,0.612971675125012,0.008186375661220898,0.005709176974136204,0.02372028742824766,0.02204308831716319,0.31567483269233865,0.0031508283300609847,0.0017017090980941778
0.032869527939098746,0.3278372786616868,0.014231412096700282,0.038133432413417545,0.06374345418193605,0.02742092330778481,0.487234414149252,0.005432984618036925,0.003096572632086737
0.16847894945631517,0.2844389146683256,0.01701489489553153,0.10799996760000972,0.09925947022215893,0.03493268952019314,0.25145192456442267,0.019706294088111774,0.016716894984931504
0.2508649673875542,0.021390797219196362,0.008757248861557647,0.6149539200559904,0.01545289799112326,0.04861009368068782,0.031606695891129535,0.002839399630878048,0.0055239792818826934
0.05359718928056213,0.025307594938481007,0.018112396377520722,0.7685978462804307,0.015997396800520636,0.019476196104760774,0.09125068174986364,0.004987859002428199,0.0026728394654321067
0.24760693809826545,0.012765296808675797,0.01871829532042617,0.64024183993954,0.024562493859376536,0.03303919174020206,0.01087709728072568,0.005183028704242824,0.007005818248545438
0.04210040926209004,0.1053300231726051,0.009994552198801484,0.5681991250038075,0.020885404594789013,0.01997140439370897,0.20556604522452998,0.024428505374271183,0.003524530775396771
0.037816802647176184,0.3291460230402216,0.007477450523421537,0.03210570224739916,0.020725001450750104,0.09015660631096245,0.4716110330127723,0.006356790444975331,0.004604590322321323
0.11131095547561783,0.5660007735996907,0.012503994998402003,0.06322057471177013,0.03821108471556612,0.029702588118964757,0.14526994189202327,0.026182389527044197,0.007597696960921217
0.30744606148921233,0.3397280679456136,0.014829802965960596,0.09559391911878383,0.07151331430266288,0.05335471067094214,0.07261201452240292,0.03354200670840135,0.011380102276020458
0.008365101673020335,0.2298570459714092,0.01152370230474046,0.010340502068100414,0.017867703573540714,0.009466321893264379,0.7044391408878282,0.005735181147036229,0.0024053004810600962
0.7377972582290403,0.005203461821211636,0.00848932297126304,0.09792653427428698,0.11453404008691401,0.02469440864304302,0.004477121566992548,0.0026181309163458206,0.004259721490902521
0.10274698972530105,0.19114298088570195,0.020975797902420212,0.14175998582400143,0.01889479811052019,0.052816094718390535,0.40951795904820415,0.049016195098380504,0.013129198687080134
0.07467337759798671,0.09924687022593891,0.017881394635581607,0.40471987858403635,0.06537738038678588,0.039814988055503577,0.26332892100132366,0.0055880983235705025,0.029369091189272636
